別添(1)
第26回介護支援専門員実務研修受講試験問題正答番号
出題区分 問題番号 正答番号 出題区分 | 問題番号 正答番号
1 3 5 26 1 2 5
2 2 3 5 27 3 4 5
3 3 5 28 1 2 4
4 1 3 4 29 1 2 4
5 3 4 30 1 3 4
6 2 4
7 2 3
8 2
9 2 3 5
10 4 5
介護支援分野 11 1 3 4
12 1 4
13 3 5
14 1 2 3
15 2 4 5
16 4 5
17 2 4 5
18 2 5
19 1 2
20 1 2 3
21 2 3 4
22 2 4
23 1 3 5
24 4 5
25 1 4 5
保健医療サービスの知識等福祉サービスの知識等
保健医療福祉サービス分野
31 1 3 5
32 2 3 4
33 2 3 4
34 1 2 3
35 1 4 5
36 1 2
37 1 2 3
38 2 4 5
39 1 3 5
40 1 2 5
41 1 4 5
42 1 5
43 2 4 5
44 2 3 4
45 1 3
46 1 2 4
47 1 2
48 2 3 5
49 1 5
50 2 3 4
51 1 4
52 2 5
53 1 2 4
54 1 3 5
55 1 2 5
56 2 3 5
57 3 4
58 3 5
59 2 4 5
60 1 2 5
第26回介護支援専門員実務研修受講試験合格基準
別添(2)
「介護支援分野」及び「保健医療福祉サービス分野」のそれぞれの得点が、次表の
合格点に達している者を合格とする。
[分野別合格点]
分野 問題数 合格点
1 介護支援分野 25問 17点
2 保健医療福祉サービス分野 35問 24点
(注) 1 配点は1問1点である。
2 介護支援分野、保健医療福祉サービス分野ごとに、正答率70%を
基準とし、問題の難易度で補正した。