別添(1)
第24回介護支援専門員実務研修受講試験問題正答番号
出題区分 問題番号 正答番号
1 1 4
2 2 4 5
3 1 2 4
4 2 4
5 1 2 4
6 2 3 5
7 2 5
8 1 2 4
9 1 4
10 1 3 5
介護支援分野 11 3 5
12 1 2 3
13 2 3 5
14 1 2 4
15 1 2 4
16 2 3 4
17 2 4
18 3 4 5
19 1 5
20 2 5
21 3 4
22 3 5
23 1 3 5
24 3 4
25 1 2 4
出題区分 問題番号 正答番号
26 2 3 5
27 1 2 5
28 3 4
29 4 5
30 2 3 4
保健医療サービスの知識等福祉サービスの知識等
保健医療福祉サービス分野
31 3 5
32 2 5
33 2 3
34 2 3 4
35 2 3 4
36 1 3 5
37 1 4 5
38 4 5
39 3 4 5
40 2 4
41 1 2 5
42 1 2 5
43 1 3 5
44 1 3
45 4 5
46 1 3 4
47 4 5
48 1 2 4
49 1 3 4
50 3 5
51 1 3 4
52 2 3 4
53 4 5
54 1 4 5
55 3 4
56 2 5
57 2 3 5
58 2 3 5
59 1 3 5
60 3 5
第24回介護支援専門員実務研修受講試験合格基準
別添(2)
「介護支援分野」及び「保健医療福祉サービス分野」のそれぞれの得点が、次表の
合格点に達している者を合格とする。
[分野別合格点]
分野 問題数 合格点
1 介護支援分野 25問 14点
2 保健医療福祉サービス分野 35問 25点
(注) 1 配点は1問1点である。
2 介護支援分野、保健医療福祉サービス分野ごとに、正答率70%を
基準とし、問題の難易度で補正した。