別添(1)
第25回介護支援専門員実務研修受講試験問題正答番号
出題区分 問題番号 正答番号 出題区分 問題番号 正答番号
1 1 2 5 26 2 3 4
2 2 3 4 27 3 5
3 1 2 3 28 1 3 4
4 2 5 29 2 3 4
5 1 5 30 1 2 3
6 3 5
7 2 4
8 2 4
9 2 4 5
10 3 5
介護支援分野 11 1 4
12 1 3 4
13 2 3 5
14 1 4 5
15 3 4 5
16 1 4
17 1 4 5
18 1 3
19 1 2 5
20 2 3 4
21 1 2 3
22 1 3 4
23 2 3 5
24 1 3 5
25 2 3 5
保健医療サービスの知識等福祉サービスの知識等
保健医療福祉サービス分野
31 1 2 5
32 2 5
33 1 2 3
34 1 3 5
35 1 2 4
36 2 3 4
37 3 4 5
38 1 3 5
39 1 4 5
40 1 3 5
41 2 3 4
42 1 4 5
43 1 2 4
44 1 4 5
45 1 3
46 2 3 5
47 3 4 5
48 1 3
49 1 3 5
50 2 3 4
51 1 3 4
52 3 5
53 3 4
54 2 3 4
55 1 2 5
56 1 2 3
57 1 3 4
58 1 2 5
59 4 5
60 1 2 4
第25回介護支援専門員実務研修受講試驗合格基準
別添(2)
「介護支援分野」及び「保健医療福祉サービス分野」のそれぞれの得点が、次表の
合格点に達している者を合格とする。
[分野別合格点]
分野 問題数 合格点
1 介護支援分野 25問 18点
2 保健医療福祉サービス分野 35問 26点
(注) 1 配点は1問1点である。
2 介護支援分野、保健医療福祉サービス分野ごとに、正答率70%を
基準とし、問題の難易度で補正した。