別添(1)
第27回介護支援専門員実務研修受講試験問題正答番号
出題区分 問題番号 正答番号 出題区分 問題番号 正答番号
1 2 3 4 26 1 2 4
2 3 4 27 1 2 3
3 2 3 28 1 4 5
4 2 4 29 1 2 5
5 1 3 30 1 3 5
6 1 2 4
7 1 3 5
8 1 4 5
9 1 5
10 1 2 4
介護支援分野 11 2 3 5
12 1 3 4
13 2 3 4
14 4 5
15 2 5
16 1 3
17 1 2 5
18 1 3
19 1 2 3
20 1 2 5
21 1 4 5
22 1 4 5
23 1 3 4
24 2 4
25 2 3 5
保健医療サービスの知識等福祉サービスの知識等
保健医療福祉サービス分野
31 1 3 5
32 1 3 5
33 1 2 4
34 1 3 4
35 1 3 4
36 1 2 5
37 1 2 3
38 2 4 5
39 3 4
40 2 3 4
41 1 2 3
42 2 5
43 1 5
44 1 3 5
45 2 3 4
46 2 3 4
47 1 3 4
48 1 3 5
49 2 3 4
50 2 3 5
51 2 4 5
52 1 3 4
53 3 4 5
54 1 2 5
55 1 3
56 1 3 5
57 2 4 5
58 1 4 5
59 2 3 5
60 2 3 4
第27回介護支援専門員実務研修受講試驗合格基準
別添(2)
「介護支援分野」及び「保健医療福祉サービス分野」のそれぞれの得点が、次表の
合格点に達している者を合格とする。
[分野別合格点]
分野 問題数 合格点
1 介護支援分野 25問 18点
2 保健医療福祉サービス分野 35問 25点
(注) 1 配点は1問1点である。
2 介護支援分野、保健医療福祉サービス分野ごとに、正答率70%を
基準とし、問題の難易度で補正した。